-1.3333321788809331
0.8048888916854697, -0.8779657897235943, 0.13916016476306775, 0.005356182326711711
0.9501606991820927, -0.11402912196544285, 0.9778135044964037, 2.3506763240711104, 1.106672362225133, -0.5924871174367804
-0.29729729937219657
1.0969564421117617, 0.37523220966214, 0.44414789489719153, -0.5067749421930664
1.65229, -0.30041, 0.81480, 0.400306, -0.196312, -0.262522, 0.131996, -1.333785, -0.357601, 0.573871, 3.01708, 0.115043, 0.22808, -3.059238, -0.95756, -0.080921, 3.13576, -1.6505307, 3.280135, -0.715519, 0.116923, 0.305787, 1.04507, 2.36918, 0.726176, -0.056099, 1.1014026, 1.240373, -0.33754, 0.422935, 0.06585, -2.580866, -1.806582, 2.49631, -1.060346, 0.63995, 0.61450, -2.04782, 0.65578, 2.35252, -4.137943, 0.6591391, 0.307865, 1.49749, -1.66793, 0.62677, -0.74935, -1.4841, 0.71163, -1.04961, -0.58575, -0.689842, -2.31735, 3.03143, -1.9464, -1.78884, 0.89101, 0.46651, -1.3813, 2.40831, -1.17727, 0.268621, 0.93256, 1.059331, 0.95575, -0.19726, -2.2299, 2.2726061, 0.541462, -0.9319026, -0.5297710, -0.7034778, 0.22941421, -0.8947869, 1.610923, -1.9972197, 1.2643371, 0.28906322, -2.320758, -0.657395, 0.05741206, 2.601445, -1.4378426, 1.0904588, 0.09881, 0.36178, 2.2559959, 0.0397988, 0.3840989, -0.2540009, -3.916, -1.16776, -0.72094, 0.0717083, -1.022995, -0.308758, 0.451270, 0.735304, -0.7492029, -1.150234
-0.2703353712786728, -1.5893834133974007, -0.6062926909659253, -0.5542852115133662, 2.999045381573246, 0.6909297637564764, -1.029306818617841, -1.2400991318364123, -1.1262253977531145, 1.6251287592089882]
0.3435082170792922, 1.6488751632330532, -0.5181918929291089, 0.2549582532253436, 0.11091325916851691, -1.466126851150725, -1.252238188123686, 1.5685338143724092, -0.8489782192785996, -1.8379698211640167, -0.14646631242414815, -1.302530111451886, -0.4275418642748957, 2.2621077720167944, -0.6072946392708285, -0.13560623387807205, -1.4370946172419148, 0.06494479263938048, 1.2616190092251716, 1.268997533717261]
-0.48348444765435794, -1.3356979500928319, -1.193179739000313, -0.6324164678566071, 0.8671900627359851, 1.421215391887255, -1.5611284166036143, -1.5315990766815155, 1.4589884953813788, 0.9457870690630267, 1.4831367843332794, 2.249585851863386, -1.0222989917731988, -2.1273878588403012, -2.0808942105159915, -0.9150901983228499, -0.4705020074393306, -1.4308683317828212, -0.22224440615381671, -1.4482431504140203]
-0.5791431917624561, -0.4182905439086707, 0.5616054119419207, -0.15584404868497964, -1.0141516047847847, -0.069143478369543, -1.1747326516093322, 0.1338703969483152, -0.6044405976510969, 0.16775460149987087, -0.8343851519452157, -0.08154584732700662, -1.16386977641781, 1.22341829599803, -2.113925594102946, -0.5787711253955281, 1.875192244781657, -0.23358846507362763, -1.8366604137386895, -0.8285224797621088, 1.331967002300723, -0.5716870956257131, -0.5781457671715136, -0.3685624498367019, 0.6767530997794892, 0.4752091296304024, -0.3767731222807697, 1.5076521730166734, -0.9249400306201206, 0.36879389758271836]
